0.0	337.63732692535444	490.24380966684316	955.8835477234652	1046.8313602852984	1194.3485874168257	1214.0446609614328	1237.167448367292	1335.8747794457329	1379.227218517467	1284.0935116275944	1492.7589150515782	1650.4556332222307	1681.4444231093971	1776.8247355522458	2083.784479301344	1943.1658784906936	1897.1697860146128	1572.6102630758407	1252.5406765603316	1104.5442357645989	1260.978086552788	1441.9708879013356	1515.5517420829826	1846.5286679922053	2145.265217248232	1883.4887960461954	1790.7372506488073	2220.0874744514254	2663.324465980052	2968.232891326447	3619.8865466596967	3925.5009669272094	4051.2030469560004	3997.2676698859027	3866.083001213224	3303.3545888859144	3069.841725521833	3100.910605734225	3371.2726696583427	3198.898895980911	2532.7861807847275	2335.6767995610167	1742.8095745774774	1694.1639097293255	1288.848168017888	1157.6793840399682	1076.3808699881786	934.6922096128031	760.7655937441023
337.63732692535444	0.0	294.5517280353148	815.2604093727023	768.4423774528453	974.1119492634054	993.3712711841044	1025.6611835513786	1132.7647470975558	1179.4676962180247	1101.3087744997774	1301.2154918360736	1464.7749178004233	1516.8170553223013	1603.9987158897047	1917.3623930087235	1746.8942231608503	1680.9952233081042	1261.9876669669402	925.49703125399	767.1564532536682	924.1853632949801	1107.904065227352	1178.405685966904	1509.5583727163973	1807.6320609034578	1549.182672886977	1468.0224782643584	1891.9581014600114	2339.6142832986247	2634.4900281085356	3293.1989574318904	3610.359752215176	3740.6263059326584	3727.6439442413666	3604.288038775894	3044.659166962623	2809.1960877857564	2828.369711943214	3063.898175129195	2883.3814146553054	2240.744960622446	2113.201025349969	1566.6386773234674	1427.755968534233	997.4752500061605	847.607530017606	823.8025474543668	756.2468828376609	549.5651111821637
490.24380966684316	294.5517280353148	0.0	521.2438585162752	563.8551792795834	709.8836596751108	729.5540581341988	756.3596073085438	859.5820366365867	904.897508591594	818.9807135354293	1023.558241644556	1185.4501087842027	1230.6781980592166	1320.6117215692082	1632.8767013489655	1472.9960496476642	1417.1850410221934	1107.8775402162926	827.3980042567174	751.3185697104121	887.7749043760726	1136.0662108797007	1173.8010404190027	1458.3246288903904	1770.3400606351458	1563.0412971105493	1533.5348585835009	1930.5010938370947	2388.0881660492505	2638.264264653475	3324.476304164192	3673.5404448763393	3813.779975377323	3868.578048755659	3755.549658200657	3202.6894209739344	2966.559292360643	2970.767676607875	3147.677896998149	2949.973644776582	2359.9882410992677	2314.9795791349547	1807.8723845473264	1596.4664919415056	1146.4783228879742	970.532370560992	1029.2217811110154	1015.699775830848	803.3540457738305
955.8835477234652	815.2604093727023	521.2438585162752	0.0	473.6683250889825	338.26135018361043	353.46373182399253	348.9336805172024	417.1016958360095	451.73559905269695	342.6950262146489	550.3222183145986	700.4087173890227	725.5623536069502	821.4753526929603	1128.010798411669	995.5363177790417	967.3766998401958	962.172036394136	860.0792859152122	941.5366754668557	1011.9934813741978	1317.4376261240623	1298.8814862824277	1470.2847241536506	1781.5028168703213	1677.5031692581672	1732.4797870881512	2061.6687011618533	2515.9275946067405	2681.2606763052668	3397.8132852269514	3795.555045788101	3950.738211865781	4120.11692278374	4025.807094883754	3491.5046137150734	3258.030317564544	3237.882951703379	3314.328395370395	3091.986084750007	2604.055144848385	2687.7355866610023	2247.2208816251946	1941.9318018535391	1492.5830426046819	1301.7684954909907	1450.0275709422551	1494.805892276419	1284.228510716583
1046.8313602852984	768.4423774528453	563.8551792795834	473.6683250889825	0.0	309.1312342689752	321.26253151438715	368.63808872829327	471.1219983590334	516.7553532332008	497.41369165052447	637.6662888189563	794.6611160535069	882.4786136500658	945.8544036962543	1250.6617298465796	1040.866876960283	949.7280717815134	557.0725394786332	386.4167142040924	503.4757805754497	545.9914815802755	855.3786407385248	827.1775552312855	1006.5505210089573	1320.9836629504155	1203.8424800550315	1267.481008163196	1588.0146252189538	2042.4189844755435	2218.2268381662298	2930.88055592535	3323.2836034893917	3477.634751966284	3655.3366693076478	3565.5536829422435	3038.3201388463317	2806.755335133877	2779.2107541207756	2840.8475468434226	2618.391284983355	2142.3794072334636	2281.462101753316	1907.7634865896484	1531.346045880415	1098.821616948159	909.7013634928988	1123.351888027129	1243.2275692252065	1053.1539146195257
1194.3485874168257	974.1119492634054	709.8836596751108	338.26135018361043	309.1312342689752	0.0	19.701888185883742	60.15663000215129	168.51181377461435	216.1834257665203	190.44306719747192	340.75637561646136	503.7705587878789	580.3150754779181	651.9784005592986	963.2201229236808	774.6000331410298	708.2901808035673	648.152583010829	643.1512425989953	806.5241024456327	825.7153528523144	1134.3135057611287	1085.0993666148354	1192.6156827443365	1494.4136357127525	1438.6893068727318	1536.7665279338753	1819.660399256649	2263.7999939895403	2392.4535317428176	3114.30299664732	3528.687881853066	3689.306080774309	3915.7616638933623	3833.431810235825	3315.5884123164415	3086.3769491266025	3050.8016362568724	3071.1785835177798	2839.3623345916703	2411.793246069854	2584.8697147168486	2216.4340920922264	1835.298874938035	1406.871074353942	1218.337422317977	1429.4533357840855	1535.4808346389727	1337.8548667416837
1214.0446609614328	993.3712711841044	729.5540581341988	353.46373182399253	321.26253151438715	19.701888185883742	0.0	48.04018379461468	152.48707920578767	199.8222314375986	182.7928223809825	324.0538921833128	486.5251290551045	564.9970335211224	635.2692942629417	945.984394676685	755.8364118526699	688.7641665851887	640.8274774745399	647.3308531514717	815.8409135021633	831.4952375239387	1139.4445362330434	1087.9812348943933	1189.2554351464805	1489.663339311887	1438.870921849783	1540.3369609363044	1819.202956990321	2262.168033282475	2387.0497870813088	3109.2978482097	3525.293123563021	3686.3980291653997	3917.54507166958	3836.107955078155	3319.547867803771	3090.697476607227	3054.065582907866	3070.056068994708	2837.46718706752	2414.946603231707	2593.619572556339	2229.013747098111	1844.3175861877635	1417.5061516990418	1229.3982704660548	1443.1356218299334	1551.393317623092	1354.3854406402395
1237.167448367292	1025.6611835513786	756.3596073085438	348.9336805172024	368.63808872829327	60.15663000215129	48.04018379461468	0.0	109.94919569739663	157.7884908254442	135.5781171764801	282.48447337590954	446.19869092672707	520.5082233730197	593.4337647126414	905.3977486319448	721.3504379468939	661.0012092172963	672.5948064618772	693.619303248469	863.8802710728332	878.6276925979884	1186.1897444778933	1133.1712080406035	1227.1950755846858	1525.2730851321119	1481.3559805781442	1585.997035934582	1860.8736350698807	2302.288001193758	2421.3175864987593	3144.1723551328755	3562.7649969727986	3724.597544060163	3961.521967916283	3880.918617158634	3365.409920757571	3136.82311751209	3099.396326006591	3110.772193943848	2877.173263929962	2460.212916374165	2641.610215164979	2276.236706283059	1892.3379068105473	1465.44279487426	1277.2366539617128	1489.5717016206263	1595.0924522023213	1396.9486018631792
1335.8747794457329	1132.7647470975558	859.5820366365867	417.1016958360095	471.1219983590334	168.51181377461435	152.48707920578767	109.94919569739663	0.0	47.83990670233545	97.6709434417858	172.54514822019	336.3006429666044	412.62673723987064	483.61082172712463	795.4487565715189	614.4128935899088	561.7276655177599	699.9072919100132	771.4833389797965	957.6061593059035	960.8738186359672	1264.8755315421272	1203.2892302517462	1268.6241001789358	1558.0043241429164	1538.5239092022605	1657.5134298387143	1914.023365836314	2348.9005901483915	2447.9969475987486	3172.0202125346414	3598.8913886669407	3763.1497157595286	4022.8722211785393	3946.334448599034	3436.659164647797	3209.7182666356994	3167.823475673014	3158.893714277039	2921.6874980169837	2528.6843547656777	2731.6951387188446	2378.1281507039957	1983.7249274845149	1562.2027538079883	1375.3685697716662	1594.2559339775335	1703.815285332173	1506.3632042413408
1379.227218517467	1179.4676962180247	904.897508591594	451.73559905269695	516.7553532332008	216.1834257665203	199.8222314375986	157.7884908254442	47.83990670233545	0.0	114.8238452479603	124.7093091228785	288.5080309935322	366.00037055701443	435.82959366942146	747.6105232265268	568.3208519449137	520.0185221188813	716.9978951519456	807.8696840657934	999.5500784123022	998.4911539346657	1300.7015412883015	1235.8018879329848	1289.3919011729677	1574.660057636121	1565.3639958888648	1690.10263338375	1938.8445412921003	2370.6872571122003	2461.256124123704	3185.4316698860607	3615.7124121514885	3780.965211005129	4050.35865024501	3975.5607997431534	3468.4467010220665	3242.245302190247	3198.4825496777107	3180.969182103839	2942.314669413484	2559.553870076472	2771.4733373714644	2422.776124160538	2024.2006196079012	1604.9534861734714	1418.7215579474537	1640.09846741114	1751.2081724610257	1554.0194850750945
1284.0935116275944	1101.3087744997774	818.9807135354293	342.6950262146489	497.41369165052447	190.44306719747192	182.7928223809825	135.5781171764801	97.6709434417858	114.8238452479603	0.0	209.3594204406198	367.1958469412197	417.6289919921926	502.69659589633903	816.1063371727417	659.121812765123	624.7110754486708	787.8528172199666	829.0795441019357	996.8729825371543	1014.1644221699668	1321.758882572266	1267.8315971379825	1351.4679333018953	1644.9338963128273	1612.6742252166596	1721.00442750202	1990.8393432404173	2429.578666959478	2537.5687981243195	3261.3009099954725	3684.8975935984986	3848.081468639358	4094.572593316189	4015.0012871836284	3500.521903118358	3272.122530265069	3234.049763659183	3238.889371765138	3003.5874873377875	2594.8260570076277	2775.3038513807437	2401.730038865574	2025.6925563456762	1596.1552786994228	1407.1058158185115	1611.5426052497642	1705.8632352163495	1503.9371548567494
1492.7589150515782	1301.2154918360736	1023.558241644556	550.3222183145986	637.6662888189563	340.75637561646136	324.0538921833128	282.48447337590954	172.54514822019	124.7093091228785	209.3594204406198	0.0	164.2386206106257	245.99270134727877	311.2387303314629	622.9441585390274	450.5715638661467	418.72988791546425	775.3551328023974	908.7761026699587	1111.912910893896	1101.3034983780205	1398.5865825115527	1326.1622952479688	1351.5520031394637	1625.5180120998325	1641.2350598085939	1779.5366770601781	2008.9120204085857	2432.477421185939	2501.3996199291482	3225.0180127728427	3663.616841752659	3831.2830621915828	4125.046088677026	4054.6668997404217	3554.216265691043	3329.9769834126423	3281.5932758706276	3242.5655576201884	3000.481626298185	2643.6745033309026	2877.2566776238646	2540.32295993674	2132.0490456207754	1718.4127925945413	1533.6950543081427	1760.580313155424	1875.0835514844619	1678.4376553169834
1650.4556332222307	1464.7749178004233	1185.4501087842027	700.4087173890227	794.6611160535069	503.7705587878789	486.5251290551045	446.19869092672707	336.3006429666044	288.5080309935322	367.1958469412197	164.2386206106257	0.0	121.20180829069955	151.53685753935346	459.4660386144595	295.3515594660201	297.1233961869529	859.2459315668591	1039.9128797519552	1255.9384144585053	1233.2521432359274	1522.609725512741	1440.991564956111	1430.5778202011306	1687.7313161342622	1735.5813841524923	1890.8731556020427	2093.8744202091566	2504.930002148029	2544.9959502721376	3265.7861022714847	3714.605968708186	3885.2292946762886	4211.661596941714	4147.444498772083	3656.7767397080256	3435.5344688943096	3380.8536648990384	3312.709995735156	3066.544106095162	2745.4313465231826	3008.693827766488	2689.5055522564694	2267.370965172793	1862.3487363576073	1680.1106182150072	1914.9574997763175	2035.5590529191145	1840.326170627886
1681.4444231093971	1516.8170553223013	1230.6781980592166	725.5623536069502	882.4786136500658	580.3150754779181	564.9970335211224	520.5082233730197	412.62673723987064	366.00037055701443	417.6289919921926	245.99270134727877	121.20180829069955	0.0	102.33836603262559	402.99101164715523	310.2591856110217	363.2564781926789	979.5945287314444	1148.7582187250161	1357.1521361262958	1341.9086199965923	1634.9965334462536	1556.4320869213464	1551.585150015069	1808.7270823820022	1855.386510641618	2007.5260115614917	2214.6792501017385	2626.1278667535003	2663.998743344202	3384.157544313743	3834.323084888842	4005.2588497268016	4332.5177943601275	4267.779599174225	3775.7024486823357	3553.8663611889806	3500.2945497948053	3433.8536759534813	3187.5589875853702	2864.376451437692	3118.2490407491177	2786.3129774941663	2374.689652374432	1963.7905923274552	1779.47798509008	2005.780954616354	2115.534665506101	1916.5136894522066
1776.8247355522458	1603.9987158897047	1320.6117215692082	821.4753526929603	945.8544036962543	651.9784005592986	635.2692942629417	593.4337647126414	483.61082172712463	435.82959366942146	502.69659589633903	311.2387303314629	151.53685753935346	102.33836603262559	0.0	313.70104655454463	211.9703418703055	287.39774547920416	987.1689192310484	1187.07090128529	1406.3375244771908	1380.31407394907	1666.2335012751896	1580.7724015093909	1551.3846048332855	1796.706919072403	1864.0750435485568	2028.0712164900385	2215.9309896753603	2618.123702223131	2637.900254318042	3355.0302574720267	3810.8103728958226	3983.3973136822674	4332.09178929247	4271.831916490214	3787.389846761116	3568.0165263992703	3509.728750291204	3423.042579584936	3174.423069654835	2876.3446011898845	3154.260236443616	2840.5860685125413	2414.725846546788	2012.4764813293575	1830.8302911385663	2066.4919084912826	2185.8341266729385	1989.6496542563234
2083.784479301344	1917.3623930087235	1632.8767013489655	1128.010798411669	1250.6617298465796	963.2201229236808	945.984394676685	905.3977486319448	795.4487565715189	747.6105232265268	816.1063371727417	622.9441585390274	459.4660386144595	402.99101164715523	313.70104655454463	0.0	252.25226542093208	395.3484112680809	1215.1125923276284	1461.9970864165591	1693.932723787086	1653.4249200432898	1925.68008121911	1829.0922806979188	1750.9833617393467	1964.683578208105	2078.965585730477	2265.527631859828	2411.1097003150085	2787.9154768490775	2758.903115207998	3462.3643174741014	3932.330122774142	4108.9280683132665	4513.198680099829	4463.9365633847265	3998.43071531447	3785.1316770645785	3716.604612374264	3581.071691668799	3327.5745093618057	3091.336537586707	3415.3809856508738	3130.35808469541	2684.680214698889	2296.6603964009932	2119.1877316717705	2365.2741070509337	2493.3608170229036	2299.3337670247174
1943.1658784906936	1746.8942231608503	1472.9960496476642	995.5363177790417	1040.866876960283	774.6000331410298	755.8364118526699	721.3504379468939	614.4128935899088	568.3208519449137	659.121812765123	450.5715638661467	295.3515594660201	310.2591856110217	211.9703418703055	252.25226542093208	0.0	144.61763178893648	963.707496691446	1222.2937158550392	1461.017008218707	1411.9966954209608	1678.4720685921814	1579.4355580170156	1499.5239784521382	1718.2124764947944	1826.7923919702366	2013.9779021292993	2160.600035114178	2542.048166039727	2526.9835231038455	3236.3034051314935	3701.4004844725673	3876.710855045351	4265.881489977521	4214.666043207889	3746.8184377533935	3533.110483825082	3465.300456205203	3338.603146488795	3086.225076775917	2839.335701932917	3167.2182943628245	2895.8222712527504	2439.8610875005534	2059.5192423144535	1885.37246061465	2140.6227893032424	2282.1420699229016	2094.0204933186233
1897.1697860146128	1680.9952233081042	1417.1850410221934	967.3766998401958	949.7280717815134	708.2901808035673	688.7641665851887	661.0012092172963	561.7276655177599	520.0185221188813	624.7110754486708	418.72988791546425	297.1233961869529	363.2564781926789	287.39774547920416	395.3484112680809	144.61763178893648	0.0	825.4047822566133	1099.8398051233412	1344.756482476631	1286.9523019295916	1546.0526848195975	1443.6933315775418	1355.648188444334	1573.7703699090428	1684.0605497093982	1874.6177357673869	2016.2423698067696	2397.6508191398925	2386.7589797730166	3098.113704767681	3561.218212795742	3736.0325535435395	4121.296537130911	4070.0923130433325	3603.0842096714637	3389.9170074299304	3321.325231234684	3194.8409482972666	2942.7635376956223	2696.1105651723333	3032.729627478528	2775.3804370368885	2309.596886119504	1937.6060043474838	1767.00774924792	2030.0592729624275	2182.5179174371956	1999.7026957711248
1572.6102630758407	1261.9876669669402	1107.8775402162926	962.172036394136	557.0725394786332	648.152583010829	640.8274774745399	672.5948064618772	699.9072919100132	716.9978951519456	787.8528172199666	775.3551328023974	859.2459315668591	979.5945287314444	987.1689192310484	1215.1125923276284	963.707496691446	825.4047822566133	0.0	377.2927330395293	632.9700383745949	519.2959679809748	731.2822683254485	620.453258538729	576.2026528223051	858.1355778712144	877.105130993712	1050.4232828148174	1235.9905013689072	1657.334074807811	1749.9327675440418	2473.5038398840106	2899.1549331042474	3064.008634390386	3353.739985314358	3288.2151497474506	2800.221326636719	2581.293205280457	2522.8303312589223	2467.580023942304	2226.7803209461636	1889.2250868293931	2209.55588200954	1994.0216780370004	1496.693838593761	1161.0551577160606	1013.4751446671277	1309.1604332861803	1516.038783665192	1373.4490381975895
1252.5406765603316	925.49703125399	827.3980042567174	860.0792859152122	386.4167142040924	643.1512425989953	647.3308531514717	693.619303248469	771.4833389797965	807.8696840657934	829.0795441019357	908.7761026699587	1039.9128797519552	1148.7582187250161	1187.07090128529	1461.9970864165591	1222.2937158550392	1099.8398051233412	377.2927330395293	0.0	260.3677570325675	193.33939591677932	493.4969536860724	444.8550662988465	640.1014200481546	955.7595200708755	817.4258895936438	893.9009160793485	1201.59845467582	1656.3099866848868	1845.0886342167687	2552.240012599274	2938.575270389495	3091.967168065187	3277.195526585244	3191.871534510057	2672.437440268057	2443.375356152392	2408.15198606151	2454.546760225338	2232.131165503727	1769.4041321569139	1969.4955751003995	1675.565243293916	1227.6650309059235	837.8379521764997	669.4466845990022	949.2124280014597	1142.8008505998805	996.2339492454669
1104.5442357645989	767.1564532536682	751.3185697104121	941.5366754668557	503.4757805754497	806.5241024456327	815.8409135021633	863.8802710728332	957.6061593059035	999.5500784123022	996.8729825371543	1111.912910893896	1255.9384144585053	1357.1521361262958	1406.3375244771908	1693.932723787086	1461.017008218707	1344.756482476631	632.9700383745949	260.3677570325675	0.0	159.98461017462836	392.3251442174162	423.58563340659504	742.8213552130137	1041.565680080808	811.7245773595222	804.4552889320878	1181.6491553118776	1640.4297159887071	1889.9110685738674	2573.170789854396	2927.780446987092	3071.7443055658164	3183.9918728836574	3085.997150240002	2549.9746646771127	2316.5321791124256	2297.660499989174	2413.4721561468104	2207.2790175686714	1666.54224214501	1778.7036768694998	1436.4325062893088	1028.8616076191681	606.6852375164932	425.2822515765265	691.0784278334537	883.4542306951006	744.529372488866
1260.978086552788	924.1853632949801	887.7749043760726	1011.9934813741978	545.9914815802755	825.7153528523144	831.4952375239387	878.6276925979884	960.8738186359672	998.4911539346657	1014.1644221699668	1101.3034983780205	1233.2521432359274	1341.9086199965923	1380.31407394907	1653.4249200432898	1411.9966954209608	1286.9523019295916	519.2959679809748	193.33939591677932	159.98461017462836	0.0	310.06429883794385	294.72308022123485	585.576902524793	888.9777484975068	685.5372142994657	721.7178284185813	1064.860897368292	1523.8212063281692	1750.9598325521824	2443.5557881691334	2811.267248507693	2959.5185289727956	3109.878541469694	3019.574524736275	2493.908939953795	2263.225948048711	2233.4377202391906	2310.2474036254157	2096.03441198902	1596.389705832477	1776.3645677851537	1490.9354723617193	1034.4169798381226	652.7663284703813	495.08707321185085	790.532192306257	1008.0173867512633	885.9927782157611
1441.9708879013356	1107.904065227352	1136.0662108797007	1317.4376261240623	855.3786407385248	1134.3135057611287	1139.4445362330434	1186.1897444778933	1264.8755315421272	1300.7015412883015	1321.758882572266	1398.5865825115527	1522.609725512741	1634.9965334462536	1666.2335012751896	1925.68008121911	1678.4720685921814	1546.0526848195975	731.2822683254485	493.4969536860724	392.3251442174162	310.06429883794385	0.0	138.4212423918725	502.28587717153096	739.8149556256492	441.51791172328717	415.59992546949695	794.9565246736108	1252.0229702316824	1526.610239831582	2193.5069892495308	2538.0310671430248	2680.4657828984873	2802.7085755460275	2710.485579573209	2183.844764034386	1953.2527551024834	1923.8444305547223	2021.1470641831938	1816.0508272952504	1287.5430748661636	1490.0554271106414	1276.0077149219637	765.6395076971058	473.0161312837301	397.99479718483707	700.6831803355642	963.7059602256942	905.1593388399081
1515.5517420829826	1178.405685966904	1173.8010404190027	1298.8814862824277	827.1775552312855	1085.0993666148354	1087.9812348943933	1133.1712080406035	1203.2892302517462	1235.8018879329848	1267.8315971379825	1326.1622952479688	1440.991564956111	1556.4320869213464	1580.7724015093909	1829.0922806979188	1579.4355580170156	1443.6933315775418	620.453258538729	444.8550662988465	423.58563340659504	294.72308022123485	138.4212423918725	0.0	373.45688829739794	636.534898536992	391.471071515155	454.3077803106226	770.2277756294327	1229.1090099060439	1466.3808317230573	2151.9358458270844	2516.5545671450677	2664.9418455269306	2832.4327127919437	2748.3435041520743	2233.4748995594023	2006.51748365215	1966.2384574790453	2017.6846356731542	1801.6878941060559	1327.0421349219519	1589.3651122136641	1407.0253984618312	882.0672854762167	611.3769626010144	529.2193137443824	835.5171743171541	1094.7163000769433	1024.3403212575315
1846.5286679922053	1509.5583727163973	1458.3246288903904	1470.2847241536506	1006.5505210089573	1192.6156827443365	1189.2554351464805	1227.1950755846858	1268.6241001789358	1289.3919011729677	1351.4679333018953	1351.5520031394637	1430.5778202011306	1551.585150015069	1551.3846048332855	1750.9833617393467	1499.5239784521382	1355.648188444334	576.2026528223051	640.1014200481546	742.8213552130137	585.576902524793	502.28587717153096	373.45688829739794	0.0	315.86558010448135	341.17355283884683	586.774884293399	664.586907495452	1081.6399315325368	1211.8901883611118	1927.7068657204409	2336.084811510132	2497.4025967218786	2781.3986285083834	2720.8790488329787	2247.4739449921285	2035.7255721941065	1965.7959074056612	1892.0022548338686	1653.1105174294266	1342.1576313896203	1765.7465756407632	1699.2016029997512	1136.6992721980328	960.0505940247591	899.946470820929	1202.2300431441217	1465.83700429723	1397.2828836519855
2145.265217248232	1807.6320609034578	1770.3400606351458	1781.5028168703213	1320.9836629504155	1494.4136357127525	1489.663339311887	1525.2730851321119	1558.0043241429164	1574.660057636121	1644.9338963128273	1625.5180120998325	1687.7313161342622	1808.7270823820022	1796.706919072403	1964.683578208105	1718.2124764947944	1573.7703699090428	858.1355778712144	955.7595200708755	1041.565680080808	888.9777484975068	739.8149556256492	636.534898536992	315.86558010448135	0.0	369.9591672461279	636.1299237776306	485.31043019136223	823.9432839680481	899.9942566099655	1620.0242628448348	2041.0827291543092	2206.6838303670966	2548.601416195269	2503.417419681778	2064.770924118198	1868.4368832969112	1778.4173083293401	1626.3443684137171	1378.8384635787743	1188.7061417363482	1728.6367061783467	1781.9004648414116	1205.4681794028959	1143.2316863891917	1127.0062746049705	1409.5331158951785	1682.9204794084171	1643.1977180514307
1883.4887960461954	1549.182672886977	1563.0412971105493	1677.5031692581672	1203.8424800550315	1438.6893068727318	1438.870921849783	1481.3559805781442	1538.5239092022605	1565.3639958888648	1612.6742252166596	1641.2350598085939	1735.5813841524923	1855.386510641618	1864.0750435485568	2078.965585730477	1826.7923919702366	1684.0605497093982	877.105130993712	817.4258895936438	811.7245773595222	685.5372142994657	441.51791172328717	391.471071515155	341.17355283884683	369.9591672461279	0.0	273.6170232573623	384.1831901649842	840.3742534436913	1085.3743910669157	1761.5012518714839	2126.5358003401916	2276.820668872742	2485.0747674461677	2413.671830737699	1923.6868830181477	1706.8657862305583	1645.727441651886	1637.5673349291299	1415.2675650717626	1013.5041511175818	1430.7296259104069	1420.32611219556	845.2117003416572	783.5662665557082	792.2606774371428	1056.5673482273796	1332.0980391921837	1312.7534133712022
1790.7372506488073	1468.0224782643584	1533.5348585835009	1732.4797870881512	1267.481008163196	1536.7665279338753	1540.3369609363044	1585.997035934582	1657.5134298387143	1690.10263338375	1721.00442750202	1779.5366770601781	1890.8731556020427	2007.5260115614917	2028.0712164900385	2265.527631859828	2013.9779021292993	1874.6177357673869	1050.4232828148174	893.9009160793485	804.4552889320878	721.7178284185813	415.59992546949695	454.3077803106226	586.774884293399	636.1299237776306	273.6170232573623	0.0	440.43555669857864	872.5882566233255	1211.3844912240538	1830.2353186748644	2145.5012991852395	2281.5967441224125	2388.2007904834936	2298.8211294394955	1779.5897635154163	1552.2251554617337	1514.2698332617401	1614.3715075870487	1419.3891522173433	875.7791277638069	1183.2432157219885	1147.5149557268394	571.8188519816	577.4162704355082	642.0922035728405	856.905891779115	1130.6358427340165	1146.498170778181
2220.0874744514254	1891.9581014600114	1930.5010938370947	2061.6687011618533	1588.0146252189538	1819.660399256649	1819.202956990321	1860.8736350698807	1914.023365836314	1938.8445412921003	1990.8393432404173	2008.9120204085857	2093.8744202091566	2214.6792501017385	2215.9309896753603	2411.1097003150085	2160.600035114178	2016.2423698067696	1235.9905013689072	1201.59845467582	1181.6491553118776	1064.860897368292	794.9565246736108	770.2277756294327	664.586907495452	485.31043019136223	384.1831901649842	440.43555669857864	0.0	459.26909704239466	771.9494991189387	1401.4269859163792	1747.1100773592616	1894.7229484259146	2117.874780546549	2056.4016288352095	1592.333552584871	1389.0478078914373	1307.9050956332142	1253.6277593765549	1031.8886502647176	704.0796274471992	1277.9918649124065	1445.7240302839627	891.5782229489323	1013.6786828564257	1080.8082488835043	1292.1746310941148	1563.1585614435903	1586.7297249450887
2663.324465980052	2339.6142832986247	2388.0881660492505	2515.9275946067405	2042.4189844755435	2263.7999939895403	2262.168033282475	2302.288001193758	2348.9005901483915	2370.6872571122003	2429.578666959478	2432.477421185939	2504.930002148029	2626.1278667535003	2618.123702223131	2787.9154768490775	2542.048166039727	2397.6508191398925	1657.334074807811	1656.3099866848868	1640.4297159887071	1523.8212063281692	1252.0229702316824	1229.1090099060439	1081.6399315325368	823.9432839680481	840.3742534436913	872.5882566233255	459.26909704239466	0.0	460.44452638098767	959.717640045876	1287.8421999396314	1436.448596730616	1726.9108541117919	1690.3252895560804	1297.3469047310975	1134.614026230904	1013.4879004402468	810.3637597519864	576.3866343677267	575.5641648831161	1310.896655239358	1666.3710926227936	1185.0387320917835	1417.2194325035323	1511.1830490473503	1687.541472164327	1947.4996888523253	1998.4677845991494
2968.232891326447	2634.4900281085356	2638.264264653475	2681.2606763052668	2218.2268381662298	2392.4535317428176	2387.0497870813088	2421.3175864987593	2447.9969475987486	2461.256124123704	2537.5687981243195	2501.3996199291482	2544.9959502721376	2663.998743344202	2637.900254318042	2758.903115207998	2526.9835231038455	2386.7589797730166	1749.9327675440418	1845.0886342167687	1889.9110685738674	1750.9598325521824	1526.610239831582	1466.3808317230573	1211.8901883611118	899.9942566099655	1085.3743910669157	1211.3844912240538	771.9494991189387	460.44452638098767	0.0	724.1810115446492	1174.4653968419439	1350.0794123345927	1869.965447982762	1878.2722941049344	1595.6051222424273	1478.9152781585199	1332.732366430513	893.9956303178361	641.9329762457182	1021.6435121166519	1766.0398982694799	2119.4238349141006	1614.8844058777215	1785.5436225622643	1847.4831214816622	2063.723432076751	2333.553129550625	2357.7841881688846
3619.8865466596967	3293.1989574318904	3324.476304164192	3397.8132852269514	2930.88055592535	3114.30299664732	3109.2978482097	3144.1723551328755	3172.0202125346414	3185.4316698860607	3261.3009099954725	3225.0180127728427	3265.7861022714847	3384.157544313743	3355.0302574720267	3462.3643174741014	3236.3034051314935	3098.113704767681	2473.5038398840106	2552.240012599274	2573.170789854396	2443.5557881691334	2193.5069892495308	2151.9358458270844	1927.7068657204409	1620.0242628448348	1761.5012518714839	1830.2353186748644	1401.4269859163792	959.717640045876	724.1810115446492	0.0	492.4807408064662	674.5848844908975	1402.9041000891334	1475.4937662103737	1419.1362163570657	1413.5065590613453	1248.3478642579753	594.475037410978	534.7184538510015	1305.326013077528	2003.5071834234932	2512.2770436204587	2105.7321975012806	2375.145484039429	2470.5101185136828	2642.4067935482553	2897.027813915256	2956.5528248699575
3925.5009669272094	3610.359752215176	3673.5404448763393	3795.555045788101	3323.2836034893917	3528.687881853066	3525.293123563021	3562.7649969727986	3598.8913886669407	3615.7124121514885	3684.8975935984986	3663.616841752659	3714.605968708186	3834.323084888842	3810.8103728958226	3932.330122774142	3701.4004844725673	3561.218212795742	2899.1549331042474	2938.575270389495	2927.780446987092	2811.267248507693	2538.0310671430248	2516.5545671450677	2336.084811510132	2041.0827291543092	2126.5358003401916	2145.5012991852395	1747.1100773592616	1287.8421999396314	1174.4653968419439	492.4807408064662	0.0	182.17877879861243	1002.7647636638827	1116.051610205689	1236.231363796034	1313.085007817097	1163.0051805130593	584.602009428625	726.9870114460083	1455.3328428386546	2045.9847823015111	2632.0193208587534	2314.569303517083	2647.0986233770636	2767.873163340358	2897.5742040012624	3133.023469766876	3221.3321546806033
4051.2030469560004	3740.6263059326584	3813.779975377323	3950.738211865781	3477.634751966284	3689.306080774309	3686.3980291653997	3724.597544060163	3763.1497157595286	3780.965211005129	3848.081468639358	3831.2830621915828	3885.2292946762886	4005.2588497268016	3983.3973136822674	4108.9280683132665	3876.710855045351	3736.0325535435395	3064.008634390386	3091.967168065187	3071.7443055658164	2959.5185289727956	2680.4657828984873	2664.9418455269306	2497.4025967218786	2206.6838303670966	2276.820668872742	2281.5967441224125	1894.7229484259146	1436.448596730616	1350.0794123345927	674.5848844908975	182.17877879861243	0.0	883.3942697278221	1016.7881043996182	1218.5428494441503	1326.683932535926	1188.3488437244653	683.0546191229218	864.466242490288	1551.7990395636632	2095.9234806217546	2702.2602450494815	2416.9634956938025	2766.960346256844	2894.9914356052604	3010.7598245242457	3238.8320722297844	3336.09810811232
3997.2676698859027	3727.6439442413666	3868.578048755659	4120.11692278374	3655.3366693076478	3915.7616638933623	3917.54507166958	3961.521967916283	4022.8722211785393	4050.35865024501	4094.572593316189	4125.046088677026	4211.661596941714	4332.5177943601275	4332.09178929247	4513.198680099829	4265.881489977521	4121.296537130911	3353.739985314358	3277.195526585244	3183.9918728836574	3109.878541469694	2802.7085755460275	2832.4327127919437	2781.3986285083834	2548.601416195269	2485.0747674461677	2388.2007904834936	2117.874780546549	1726.9108541117919	1869.965447982762	1402.9041000891334	1002.7647636638827	883.3942697278221	0.0	185.14022678573536	710.168469757745	933.6814321678852	899.4682132247713	976.0787529281073	1231.3579634016812	1517.5025500621696	1738.9308045295418	2394.278673045828	2303.9261728554975	2732.575019025815	2899.264690256744	2920.933629713673	3093.4023295366815	3239.7228021266674
3866.083001213224	3604.288038775894	3755.549658200657	4025.807094883754	3565.5536829422435	3833.431810235825	3836.107955078155	3880.918617158634	3946.334448599034	3975.5607997431534	4015.0012871836284	4054.6668997404217	4147.444498772083	4267.779599174225	4271.831916490214	4463.9365633847265	4214.666043207889	4070.0923130433325	3288.2151497474506	3191.871534510057	3085.997150240002	3019.574524736275	2710.485579573209	2748.3435041520743	2720.8790488329787	2503.417419681778	2413.671830737699	2298.8211294394955	2056.4016288352095	1690.3252895560804	1878.2722941049344	1475.4937662103737	1116.051610205689	1016.7881043996182	185.14022678573536	0.0	563.4621680286234	796.3031403377026	788.4985397628975	990.8854151642569	1236.481961602048	1423.2149512254925	1582.4954001651286	2237.2652995326252	2177.012960894256	2613.521312406837	2785.023817083381	2791.068448250456	2953.7344526231022	3106.40225986623
3303.3545888859144	3044.659166962623	3202.6894209739344	3491.5046137150734	3038.3201388463317	3315.5884123164415	3319.547867803771	3365.409920757571	3436.659164647797	3468.4467010220665	3500.521903118358	3554.216265691043	3656.7767397080256	3775.7024486823357	3787.389846761116	3998.43071531447	3746.8184377533935	3603.0842096714637	2800.221326636719	2672.437440268057	2549.9746646771127	2493.908939953795	2183.844764034386	2233.4748995594023	2247.4739449921285	2064.770924118198	1923.6868830181477	1779.5897635154163	1592.333552584871	1297.3469047310975	1595.6051222424273	1419.1362163570657	1236.231363796034	1218.5428494441503	710.168469757745	563.4621680286234	0.0	236.14232717301238	286.8894683001026	829.4806291190044	1001.0669130194525	911.3458068810357	1029.544198796984	1684.6711870492782	1616.9032179093708	2057.7264605894375	2232.758175428839	2229.0714609496777	2390.354083574717	2543.3624130568633
3069.841725521833	2809.1960877857564	2966.559292360643	3258.030317564544	2806.755335133877	3086.3769491266025	3090.697476607227	3136.82311751209	3209.7182666356994	3242.245302190247	3272.122530265069	3329.9769834126423	3435.5344688943096	3553.8663611889806	3568.0165263992703	3785.1316770645785	3533.110483825082	3389.9170074299304	2581.293205280457	2443.375356152392	2316.5321791124256	2263.225948048711	1953.2527551024834	2006.51748365215	2035.7255721941065	1868.4368832969112	1706.8657862305583	1552.2251554617337	1389.0478078914373	1134.614026230904	1478.9152781585199	1413.5065590613453	1313.085007817097	1326.683932535926	933.6814321678852	796.3031403377026	236.14232717301238	0.0	165.37522114500138	821.5706438826268	937.3369466425816	693.8103496592222	821.9025209558847	1472.7310430085101	1381.4944096193615	1821.6093424525363	1996.6851993996563	1994.7850614311726	2160.378704616386	2310.390481879906
3100.910605734225	2828.369711943214	2970.767676607875	3237.882951703379	2779.2107541207756	3050.8016362568724	3054.065582907866	3099.396326006591	3167.823475673014	3198.4825496777107	3234.049763659183	3281.5932758706276	3380.8536648990384	3500.2945497948053	3509.728750291204	3716.604612374264	3465.300456205203	3321.325231234684	2522.8303312589223	2408.15198606151	2297.660499989174	2233.4377202391906	1923.8444305547223	1966.2384574790453	1965.7959074056612	1778.4173083293401	1645.727441651886	1514.2698332617401	1307.9050956332142	1013.4879004402468	1332.732366430513	1248.3478642579753	1163.0051805130593	1188.3488437244653	899.4682132247713	788.4985397628975	286.8894683001026	165.37522114500138	0.0	657.2138854766539	774.6728681550537	639.2435361392917	921.754340212941	1558.716974034948	1406.753689800393	1833.1188798592027	2000.7552722189494	2024.6921921596786	2207.0178196983875	2345.7139540901585
3371.2726696583427	3063.898175129195	3147.677896998149	3314.328395370395	2840.8475468434226	3071.1785835177798	3070.056068994708	3110.772193943848	3158.893714277039	3180.969182103839	3238.889371765138	3242.5655576201884	3312.709995735156	3433.8536759534813	3423.042579584936	3581.071691668799	3338.603146488795	3194.8409482972666	2467.580023942304	2454.546760225338	2413.4721561468104	2310.2474036254157	2021.1470641831938	2017.6846356731542	1892.0022548338686	1626.3443684137171	1637.5673349291299	1614.3715075870487	1253.6277593765549	810.3637597519864	893.9956303178361	594.475037410978	584.602009428625	683.0546191229218	976.0787529281073	990.8854151642569	829.4806291190044	821.5706438826268	657.2138854766539	0.0	257.80636224448017	872.5756713592531	1478.816717763588	2049.7337670305787	1735.6256227634594	2085.216878235022	2216.8808303890974	2327.7168424341526	2556.6986801631865	2653.121078728026
3198.898895980911	2883.3814146553054	2949.973644776582	3091.986084750007	2618.391284983355	2839.3623345916703	2837.46718706752	2877.173263929962	2921.6874980169837	2942.314669413484	3003.5874873377875	3000.481626298185	3066.544106095162	3187.5589875853702	3174.423069654835	3327.5745093618057	3086.225076775917	2942.7635376956223	2226.7803209461636	2232.131165503727	2207.2790175686714	2096.03441198902	1816.0508272952504	1801.6878941060559	1653.1105174294266	1378.8384635787743	1415.2675650717626	1419.3891522173433	1031.8886502647176	576.3866343677267	641.9329762457182	534.7184538510015	726.9870114460083	864.466242490288	1231.3579634016812	1236.481961602048	1001.0669130194525	937.3369466425816	774.6728681550537	257.80636224448017	0.0	778.7949030325276	1469.1785748485465	1985.6380985961655	1610.5194432320695	1923.4861612095872	2041.220474039371	2178.4996782345193	2420.762249908063	2500.4292262999425
2532.7861807847275	2240.744960622446	2359.9882410992677	2604.055144848385	2142.3794072334636	2411.793246069854	2414.946603231707	2460.212916374165	2528.6843547656777	2559.553870076472	2594.8260570076277	2643.6745033309026	2745.4313465231826	2864.376451437692	2876.3446011898845	3091.336537586707	2839.335701932917	2696.1105651723333	1889.2250868293931	1769.4041321569139	1666.54224214501	1596.389705832477	1287.5430748661636	1327.0421349219519	1342.1576313896203	1188.7061417363482	1013.5041511175818	875.7791277638069	704.0796274471992	575.5641648831161	1021.6435121166519	1305.326013077528	1455.3328428386546	1551.7990395636632	1517.5025500621696	1423.2149512254925	911.3458068810357	693.8103496592222	639.2435361392917	872.5756713592531	778.7949030325276	0.0	748.1054070310473	1207.4850799743342	865.9401443246456	1245.3234233198386	1397.5997173711887	1470.0111247886357	1688.6006433112002	1796.341005319572
2335.6767995610167	2113.201025349969	2314.9795791349547	2687.7355866610023	2281.462101753316	2584.8697147168486	2593.619572556339	2641.610215164979	2731.6951387188446	2771.4733373714644	2775.3038513807437	2877.2566776238646	3008.693827766488	3118.2490407491177	3154.260236443616	3415.3809856508738	3167.2182943628245	3032.729627478528	2209.55588200954	1969.4955751003995	1778.7036768694998	1776.3645677851537	1490.0554271106414	1589.3651122136641	1765.7465756407632	1728.6367061783467	1430.7296259104069	1183.2432157219885	1277.9918649124065	1310.896655239358	1766.0398982694799	2003.5071834234932	2045.9847823015111	2095.9234806217546	1738.9308045295418	1582.4954001651286	1029.544198796984	821.9025209558847	921.754340212941	1478.816717763588	1469.1785748485465	748.1054070310473	0.0	655.3704167746106	750.1566542028378	1195.1527184711442	1386.0860006028283	1291.4611741910853	1403.2739091758592	1579.479815301705
